0000000000000000000000000000000000000000000000000000000000000000000000000000000
0000000000000000000000000000000000000000000000000000000000000000000000000000000
0000000000000000000000000000000000000000000000000000000000000000000000000000000
0000008110000000000000000000000000000000000000000000000000000000000000000000000
0000067cde810000000000000000000000000000000000000000000000000000000000000000000
0000001dede16000000000000000000000000000000000000000000000000000000000000000000
0000008cdc118600000000000000000000000000000000000000000000000000000000000000000
0000008dede11400000000000000000000000000000000000000000000000000000000000000000
00000008ccde1400000000000000000000000000000000000000000000000000000000000000000
00000000dde11400000000000000000000000000000000000000000000000000000000000000000
00000000de1e1100000000000000000000000000000000000000000000000000000000000000000
00000000e1111110000000000000000000000000000000000000000000000000000000000000000
0000000611111114000000000000000000000000000000000000000000000000000000000000000
0000000411111114400000000000000000000000000000000000000000000000000000000000000
0000000111111111444000000000000000000000000000000000000000000000000441860000000
0000004111111111144440000000000000000000000000000000000000000000441111e76000000
0000008e1e11111111414400000000000000000000000000000000000000044141111edd8000000
0000001111111111111414140000000000000000000000000000000004441414141111e11000000
0000008e1e11111111114141440000000000000000000000000000444144414111111e1e8000000
00000041e1111111111111141444400000000000000000000004144414141111111111110000000
000000011e1e1e1e111111114141444400040000000400044141444141111111111e1e180000000
0000000411111111111111111414144444444444444444444414141111111111111111100000000
000000004e111e11111111111111114141414441414141414141111111111e1e1e1e1e400000000
0000000004111111111111111111111114141414141411111111111111111111111114000000000
0000000000411111111111111111111111111111111111111111111111111111111100000000000
0000000000004111111111111111111111111111111111111111111111111111114000000000000
0000000000000081111111111111111111111111111111111111111111111111100000000000000
0000000000000004111111111111111111111111111111111111111111111144000000000000000
0000000000000000064111111111111111111111111111111111111111114400000000000000000
0000000000000000000444111111111111111111111111111111111114400000000000000000000
0000000000000000000000481111111111111111111111111111118600000000000000000000000
0000000000000000000000006818111111111111111111111118440000000000000000000000000
0000000000000000000000000006888686868686868688868600000000000000000000000000000
0000000000000000000000000000000000000000000000000000000000000000000000000000000
0000000000000000000000000000000000000000000000000000000000000000000000000000000
0000000000000000000000000000000000000000000000000000000000000000000000000000000
0000000000000000000000000000000000000000000000000000000000000000000000000000000
0000000000000000000000000000000000000000000000000000000000000000000000000000000
